name: plasmidfinder
channels:
  - bioconda
  - conda-forge
dependencies:
  - _openmp_mutex=4.5=20_gnu
  - biopython=1.87=py314h5bd0f2a_0
  - blast=2.17.0=h66d330f_0
  - bzip2=1.0.8=hda65f42_9
  - c-ares=1.34.6=hb03c661_0
  - ca-certificates=2026.5.20=hbd8a1cb_0
  - cgecore=2.0.1=pyhdfd78af_0
  - curl=8.20.0=hcf29cc6_0
  - entrez-direct=24.0=he881be0_0
  - gitdb=4.0.12=pyhd8ed1ab_0
  - gitpython=3.1.50=pyhd8ed1ab_0
  - keyutils=1.6.3=hb9d3cd8_0
  - kma=1.6.11=h118bc1c_0
  - krb5=1.22.2=ha1258a1_0
  - ld_impl_linux-64=2.45.1=default_hbd61a6d_102
  - libblas=3.11.0=8_h4a7cf45_openblas
  - libcblas=3.11.0=8_h0358290_openblas
  - libcurl=8.20.0=hcf29cc6_0
  - libedit=3.1.20250104=pl5321h7949ede_0
  - libev=4.33=hd590300_2
  - libexpat=2.8.1=hecca717_0
  - libffi=3.5.2=h3435931_0
  - libgcc=15.2.0=he0feb66_19
  - libgcc-ng=15.2.0=h69a702a_19
  - libgfortran=15.2.0=h69a702a_19
  - libgfortran5=15.2.0=h68bc16d_19
  - libgomp=15.2.0=he0feb66_19
  - libidn2=2.3.8=hfac485b_1
  - liblapack=3.11.0=8_h47877c9_openblas
  - liblzma=5.8.3=hb03c661_0
  - libmpdec=4.0.0=hb03c661_1
  - libnghttp2=1.68.1=h877daf1_0
  - libopenblas=0.3.33=pthreads_h94d23a6_0
  - libsqlite=3.53.1=h0c1763c_0
  - libssh2=1.11.1=hcf80075_0
  - libstdcxx=15.2.0=h934c35e_19
  - libunistring=0.9.10=h7f98852_0
  - libuuid=2.42.1=h5347b49_0
  - libxcrypt=4.4.36=hd590300_1
  - libzlib=1.3.2=h25fd6f3_2
  - ncbi-vdb=3.4.1=hd63eeec_0
  - ncurses=6.6=hdb14827_0
  - numpy=2.4.6=py314h2b28147_0
  - openssl=3.6.2=h35e630c_0
  - pandas=3.0.3=py314hb4ffadd_0
  - pcre2=10.47=haa7fec5_0
  - perl=5.32.1=7_hd590300_perl5
  - perl-archive-tar=3.08=pl5321hdfd78af_0
  - perl-carp=1.38=pl5321hdfd78af_4
  - perl-common-sense=3.75=pl5321hdfd78af_0
  - perl-compress-raw-bzip2=2.214=pl5321hda65f42_0
  - perl-compress-raw-zlib=2.214=pl5321h4dac143_0
  - perl-encode=3.19=pl5321hec16e2b_1
  - perl-exporter=5.72=pl5321hdfd78af_2
  - perl-exporter-tiny=1.002002=pl5321hdfd78af_0
  - perl-extutils-makemaker=7.70=pl5321hd8ed1ab_0
  - perl-io-compress=2.216=pl5321h503566f_0
  - perl-io-zlib=1.15=pl5321hdfd78af_1
  - perl-json=4.11=pl5321hdfd78af_0
  - perl-json-xs=4.04=pl5321h9948957_0
  - perl-list-moreutils=0.430=pl5321hdfd78af_0
  - perl-list-moreutils-xs=0.430=pl5321h7b50bb2_5
  - perl-parent=0.236=pl5321hdfd78af_2
  - perl-pathtools=3.75=pl5321hec16e2b_3
  - perl-scalar-list-utils=1.62=pl5321hec16e2b_1
  - perl-types-serialiser=1.01=pl5321hdfd78af_0
  - pip=26.1.1=pyh145f28c_0
  - plasmidfinder=2.1.6=py314hdfd78af_2
  - python=3.14.5=habeac84_100_cp314
  - python-dateutil=2.9.0.post0=pyhe01879c_2
  - python_abi=3.14=8_cp314
  - readline=8.3=h853b02a_0
  - setuptools=82.0.1=pyh332efcf_0
  - six=1.17.0=pyhe01879c_1
  - smmap=5.0.3=pyhd8ed1ab_0
  - tabulate=0.10.0=pyhcf101f3_0
  - tk=8.6.13=noxft_h366c992_103
  - typing_extensions=4.15.0=pyhcf101f3_0
  - tzdata=2025c=hc9c84f9_1
  - wget=1.25.0=h653f8fd_1
  - zlib=1.3.2=h25fd6f3_2
  - zstd=1.5.7=hb78ec9c_6
prefix: /home/jtdej/miniforge3/envs/plasmidfinder
