name: unicycler
channels:
  - bioconda
  - defaults
dependencies:
  - _libgcc_mutex=0.1=main
  - blast=2.11.0=pl526he19e7b1_0
  - bowtie2=2.3.5.1=py37he513fc3_0
  - bzip2=1.0.8=h7b6447c_0
  - c-ares=1.18.1=h7f8727e_0
  - ca-certificates=2023.01.10=h06a4308_0
  - certifi=2022.12.7=py37h06a4308_0
  - curl=7.82.0=h7f8727e_0
  - dbus=1.13.18=hb2f20db_0
  - entrez-direct=16.2=he881be0_1
  - expat=2.4.4=h295c915_0
  - freebayes=1.3.2=py37hc088bd4_0
  - freetype=2.11.0=h70c0345_0
  - glib=2.69.1=h4ff587b_1
  - htslib=1.9=h4da6232_3
  - krb5=1.19.2=hac12032_0
  - ld_impl_linux-64=2.38=h1181459_1
  - libcurl=7.82.0=h0b77cf5_0
  - libdeflate=1.2=h516909a_1
  - libedit=3.1.20210910=h7f8727e_0
  - libev=4.33=h7f8727e_1
  - libffi=3.3=he6710b0_2
  - libgcc-ng=9.1.0=hdf63c60_0
  - libidn2=2.3.2=h7f8727e_0
  - libnghttp2=1.46.0=hce63b2e_0
  - libpng=1.6.37=hbc83047_0
  - libssh2=1.10.0=h8f2d780_0
  - libstdcxx-ng=9.1.0=hdf63c60_0
  - libunistring=0.9.10=h27cfd23_0
  - libxcb=1.15=h7f8727e_0
  - miniasm=0.3_r179=hed695b0_1
  - ncurses=6.3=h7f8727e_2
  - openjdk=11.0.13=h87a67e3_0
  - openssl=1.1.1t=h7f8727e_0
  - parallel=20160622=1
  - pcre=8.45=h295c915_0
  - perl=5.26.2=h14c3975_0
  - perl-archive-tar=2.32=pl526_0
  - perl-carp=1.38=pl526_3
  - perl-common-sense=3.74=pl526_2
  - perl-compress-raw-bzip2=2.087=pl526he1b5a44_0
  - perl-compress-raw-zlib=2.087=pl526hc9558a2_0
  - perl-exporter=5.72=pl526_1
  - perl-exporter-tiny=1.002001=pl526_0
  - perl-extutils-makemaker=7.36=pl526_1
  - perl-io-compress=2.087=pl526he1b5a44_0
  - perl-io-zlib=1.10=pl526_2
  - perl-json=4.02=pl526_0
  - perl-json-xs=2.34=pl526h6bb024c_3
  - perl-list-moreutils=0.428=pl526_1
  - perl-list-moreutils-xs=0.428=pl526_0
  - perl-pathtools=3.75=pl526h14c3975_1
  - perl-scalar-list-utils=1.52=pl526h516909a_0
  - perl-threaded=5.32.1=hdfd78af_1
  - perl-types-serialiser=1.0=pl526_2
  - perl-xsloader=0.24=pl526_0
  - pilon=1.24=hdfd78af_0
  - pip=22.3.1=py37h06a4308_0
  - python=3.7.13=h12debd9_0
  - racon=1.4.20=he513fc3_0
  - readline=8.1.2=h7f8727e_1
  - samtools=1.6=h9dace67_6
  - setuptools=65.6.3=py37h06a4308_0
  - spades=3.13.1=0
  - sqlite=3.38.5=hc218d9a_0
  - tbb=2020.3=hfd86e86_0
  - tk=8.6.12=h1ccaba5_0
  - unicycler=0.4.8=py37h8b12597_0
  - wget=1.21.3=h0b77cf5_0
  - wheel=0.38.4=py37h06a4308_0
  - xz=5.2.5=h7f8727e_1
  - zlib=1.2.12=h7f8727e_2
prefix: /mnt/iusers01/merman01/c59670jd/.conda/envs/unicycler
